ISS (ZARYA)
1 25544U 98067A   24120.51018519  .00016717  00000+0  10270-3 0  9991
2 25544  51.6435 124.1652 0004187 236.8273 246.9344 15.50347745442898
HUBBLE
1 20580U 90037B   24120.50000000  .00000533  00000+0  23907-4 0  9996
2 20580  28.4697  50.1204 0002831 148.2287 345.9984 15.09239331434843
NOAA 15
1 25338U 98030A   24120.51000000  .00000088  00000+0  73813-4 0  9992
2 25338  98.7425  89.4521 0012010 129.6789 230.5576 14.25947267380000
TERRA
1 25994U 99068A   24120.52000000  .00000075  00000+0  38990-4 0  9993
2 25994  98.2051  66.1122 0001345  92.2211 267.9123 14.57109848200000
AQUA
1 27424U 02022A   24120.51000000  .00000081  00000+0  40000-4 0  9994
2 27424  98.2000  80.2200 0001200 100.1000 260.2000 14.57109848200001
LANDSAT 8
1 39084U 13008A   24120.52000000  .00000070  00000+0  35000-4 0  9995
2 39084  98.2200 100.0000 0001000 110.0000 250.0000 14.57109848200002
STARLINK TEST 1
1 44713U 19074A   24120.51000000  .00001234  00000+0  10270-3 0  9991
2 44713  53.0530 120.0000 0001400 120.0000 240.0000 15.05500000200000
STARLINK TEST 2
1 44714U 19074B   24120.51000000  .00001234  00000+0  10270-3 0  9992
2 44714  53.0530 140.0000 0001400 140.0000 220.0000 15.05500000200000
STARLINK TEST 3
1 44715U 19074C   24120.51000000  .00001234  00000+0  10270-3 0  9993
2 44715  53.0530 160.0000 0001400 160.0000 200.0000 15.05500000200000
STARLINK TEST 4
1 44716U 19074D   24120.51000000  .00001234  00000+0  10270-3 0  9994
2 44716  53.0530 180.0000 0001400 180.0000 180.0000 15.05500000200000
STARLINK TEST 5
1 44717U 19074E   24120.51000000  .00001234  00000+0  10270-3 0  9995
2 44717  53.0530 200.0000 0001400 200.0000 160.0000 15.05500000200000
STARLINK TEST 6
1 44718U 19074F   24120.51000000  .00001234  00000+0  10270-3 0  9996
2 44718  53.0530 220.0000 0001400 220.0000 140.0000 15.05500000200000